# name: debug
# type: sparse matrix
# nnz: 252
# rows: 18
# columns: 18

1 1 2
2 1 0
3 1 0
4 1 0
5 1 -8
6 1 16
7 1 -1
8 1 0
9 1 0
10 1 0
11 1 0
12 1 0
13 1 -1
14 1 0
15 1 0
16 1 0
17 1 0
18 1 0
1 2 0
2 2 2
3 2 0
4 2 8
5 2 0
6 2 -4
7 2 0
8 2 -1
9 2 0
10 2 0
11 2 0
12 2 0
13 2 0
14 2 -1
15 2 0
16 2 0
17 2 0
18 2 0
1 3 0
2 3 0
3 3 2
4 3 -16
5 3 4
6 3 0
7 3 0
8 3 0
9 3 -1
10 3 0
11 3 0
12 3 0
13 3 0
14 3 0
15 3 -1
16 3 0
17 3 0
18 3 0
1 4 0
2 4 8
3 4 -16
4 4 242
5 4 -40
6 4 -40
7 4 0
8 4 2
9 4 6
10 4 -1
11 4 0
12 4 0
13 4 0
14 4 -10
15 4 10
16 4 -1
17 4 0
18 4 0
1 5 -8
2 5 0
3 5 4
4 5 -40
5 5 122
6 5 -88
7 5 -2
8 5 0
9 5 0
10 5 0
11 5 -1
12 5 0
13 5 10
14 5 0
15 5 -4
16 5 0
17 5 -1
18 5 0
1 6 16
2 6 -4
3 6 0
4 6 -40
5 6 -88
6 6 154
7 6 -6
8 6 0
9 6 0
10 6 0
11 6 0
12 6 -1
13 6 -10
14 6 4
15 6 0
16 6 0
17 6 0
18 6 -1
1 7 -1
2 7 0
3 7 0
4 7 0
5 7 -2
6 7 -6
7 7 1
8 7 0
9 7 0
10 7 0
11 7 0
12 7 0
1 8 0
2 8 -1
3 8 0
4 8 2
5 8 0
6 8 0
7 8 0
8 8 1
9 8 0
10 8 0
11 8 0
12 8 0
1 9 0
2 9 0
3 9 -1
4 9 6
5 9 0
6 9 0
7 9 0
8 9 0
9 9 1
10 9 0
11 9 0
12 9 0
1 10 0
2 10 0
3 10 0
4 10 -1
5 10 0
6 10 0
7 10 0
8 10 0
9 10 0
10 10 1
11 10 0
12 10 0
1 11 0
2 11 0
3 11 0
4 11 0
5 11 -1
6 11 0
7 11 0
8 11 0
9 11 0
10 11 0
11 11 1
12 11 0
1 12 0
2 12 0
3 12 0
4 12 0
5 12 0
6 12 -1
7 12 0
8 12 0
9 12 0
10 12 0
11 12 0
12 12 1
1 13 -1
2 13 0
3 13 0
4 13 0
5 13 10
6 13 -10
13 13 1
14 13 0
15 13 0
16 13 0
17 13 0
18 13 0
1 14 0
2 14 -1
3 14 0
4 14 -10
5 14 0
6 14 4
13 14 0
14 14 1
15 14 0
16 14 0
17 14 0
18 14 0
1 15 0
2 15 0
3 15 -1
4 15 10
5 15 -4
6 15 0
13 15 0
14 15 0
15 15 1
16 15 0
17 15 0
18 15 0
1 16 0
2 16 0
3 16 0
4 16 -1
5 16 0
6 16 0
13 16 0
14 16 0
15 16 0
16 16 1
17 16 0
18 16 0
1 17 0
2 17 0
3 17 0
4 17 0
5 17 -1
6 17 0
13 17 0
14 17 0
15 17 0
16 17 0
17 17 1
18 17 0
1 18 0
2 18 0
3 18 0
4 18 0
5 18 0
6 18 -1
13 18 0
14 18 0
15 18 0
16 18 0
17 18 0
18 18 1
